0 15 32 7 19 23 12 44 31 40 20 11 25 13 49 50 21 14 33 17
15 0 28 20 36 26 27 33 24 16 29 18 30 45 37 38 46 34 35 42
32 28 0 22 39 40 41 17 48 43 15 51 52 53 54 47 55 10 56 57
7 20 22 0 58 9 60 5 62 63 64 65 4 66 67 68 69 70 6 71
19 36 39 58 0 72 73 74 75 76 77 78 79 80 81 82 83 84 85 86
23 26 40 9 72 0 87 88 2 89 1 90 91 8 92 93 94 95 96 97
12 27 41 60 73 87 0 98 99 3 16 14 31 32 21 18 24 44 45 42
44 33 17 5 74 88 98 0 19 20 43 25 28 46 47 48 49 22 51 50
31 24 48 62 75 2 99 19 0 52 53 54 55 56 30 57 58 59 60 61
40 16 43 63 76 89 3 20 52 0 7 10 33 34 62 63 64 65 66 36
20 29 15 64 77 1 16 43 53 7 0 35 6 37 38 39 40 41 26 27
11 18 51 65 78 90 14 25 54 10 35 0 11 12 13 29 15 16 17 28
25 30 52 4 79 8 31 28 55 33 6 11 0 99 14 21 22 9 23 24
13 45 53 66 80 91 32 46 56 34 37 12 99 0 67 68 5 70 71 72
49 37 54 67 81 92 21 47 30 62 38 13 14 67 0 73 74 75 76 77
50 38 47 68 82 93 18 48 57 63 39 29 21 68 73 0 78 79 80 81
21 46 55 69 83 94 24 49 58 64 40 15 22 5 74 78 0 82 83 84
14 34 10 70 84 95 44 22 59 65 41 16 9 70 75 79 82 0 85 86
33 35 56 6 85 96 45 51 60 66 26 17 23 71 76 80 83 85 0 87
17 42 57 71 86 97 42 50 61 36 27 28 24 72 77 81 84 86 87 0